기간	자치구	동	세대	인구	인구	인구	인구	인구	인구	인구	인구	인구	세대당인구	65세이상고령자
기간	자치구	동	세대	합계	합계	합계	한국인	한국인	한국인	외국인	외국인	외국인	세대당인구	65세이상고령자
기간	자치구	동	세대	계	남자	여자	계	남자	여자	계	남자	여자	세대당인구	65세이상고령자
2022.1/4	합계	합계	4,451,444	9,732,617	4,716,704	5,015,913	9,506,778	4,613,910	4,892,868	225,839	102,794	123,045	2.14	1,628,980
2022.1/4	종로구	소계	73,766	153,684	74,018	79,666	144,275	69,911	74,364	9,409	4,107	5,302	1.96	28,064
2022.1/4	종로구	사직동	4,679	9,630	4,335	5,295	9,370	4,189	5,181	260	146	114	2	1,787
2022.1/4	종로구	삼청동	1,227	2,741	1,312	1,429	2,441	1,168	1,273	300	144	156	1.99	635
2022.1/4	종로구	부암동	4,242	9,702	4,654	5,048	9,488	4,530	4,958	214	124	90	2.24	1,811
2022.1/4	종로구	평창동	7,493	18,272	8,518	9,754	18,087	8,427	9,660	185	91	94	2.41	3,472
2022.1/4	종로구	무악동	3,071	8,245	3,823	4,422	8,210	3,809	4,401	35	14	21	2.67	1,453
2022.1/4	종로구	교남동	4,444	10,148	4,671	5,477	9,989	4,588	5,401	159	83	76	2.25	1,644
2022.1/4	종로구	가회동	1,987	4,152	1,915	2,237	4,045	1,863	2,182	107	52	55	2.04	865
2022.1/4	종로구	종로1.2.3.4가동	5,291	8,867	5,094	3,773	7,225	4,277	2,948	1,642	817	825	1.37	1,964
2022.1/4	종로구	종로5·6가동	3,407	5,464	2,894	2,570	5,080	2,692	2,388	384	202	182	1.49	1,056
2022.1/4	종로구	이화동	4,350	7,697	3,613	4,084	7,226	3,433	3,793	471	180	291	1.66	1,361
2022.1/4	종로구	창신1동	2,873	5,640	3,006	2,634	4,908	2,638	2,270	732	368	364	1.71	1,255
2022.1/4	종로구	창신2동	4,050	8,984	4,597	4,387	7,866	4,058	3,808	1,118	539	579	1.94	1,788
2022.1/4	종로구	창신3동	2,792	6,668	3,302	3,366	6,513	3,208	3,305	155	94	61	2.33	1,212
2022.1/4	종로구	숭인1동	2,984	6,126	2,913	3,213	5,843	2,806	3,037	283	107	176	1.96	1,193
2022.1/4	종로구	숭인2동	6,363	10,266	5,048	5,218	9,697	4,853	4,844	569	195	374	1.52	1,676
2022.1/4	종로구	청운효자동	5,236	12,100	5,595	6,505	11,904	5,491	6,413	196	104	92	2.27	2,178
2022.1/4	종로구	혜화동	9,277	18,982	8,728	10,254	16,383	7,881	8,502	2,599	847	1,752	1.77	2,714
2022.1/4	중구	소계	63,767	131,450	63,869	67,581	122,173	59,448	62,725	9,277	4,421	4,856	1.92	24,742
2022.1/4	중구	소공동	1,312	3,423	1,739	1,684	2,252	1,077	1,175	1,171	662	509	1.72	305
2022.1/4	중구	회현동	2,715	5,394	2,793	2,601	4,742	2,462	2,280	652	331	321	1.75	1,391
2022.1/4	중구	명동	1,530	3,726	1,654	2,072	2,849	1,236	1,613	877	418	459	1.86	772
2022.1/4	중구	필동	2,493	4,630	2,365	2,265	4,043	2,078	1,965	587	287	300	1.62	919
2022.1/4	중구	장충동	2,806	5,301	2,711	2,590	4,608	2,392	2,216	693	319	374	1.64	868
2022.1/4	중구	광희동	3,405	6,326	3,194	3,132	5,244	2,663	2,581	1,082	531	551	1.54	1,137
2022.1/4	중구	을지로동	1,354	1,932	1,148	784	1,746	1,062	684	186	86	100	1.29	478
2022.1/4	중구	신당5동	5,369	10,640	5,156	5,484	10,303	5,016	5,287	337	140	197	1.92	1,839
2022.1/4	중구	황학동	7,186	13,481	6,364	7,117	12,623	6,005	6,618	858	359	499	1.76	2,065
2022.1/4	중구	중림동	5,673	12,283	6,118	6,165	11,964	5,958	6,006	319	160	159	2.11	2,100
2022.1/4	중구	신당동	4,784	9,116	4,406	4,710	7,698	3,790	3,908	1,418	616	802	1.61	1,491
2022.1/4	중구	다산동	6,916	14,193	6,860	7,333	13,723	6,662	7,061	470	198	272	1.98	2,797
2022.1/4	중구	약수동	7,842	16,847	7,814	9,033	16,638	7,705	8,933	209	109	100	2.12	3,877
2022.1/4	중구	청구동	6,309	13,769	6,544	7,225	13,521	6,423	7,098	248	121	127	2.14	2,779
2022.1/4	중구	동화동	4,073	10,389	5,003	5,386	10,219	4,919	5,300	170	84	86	2.51	1,924
2022.1/4	용산구	소계	111,207	236,518	114,571	121,947	222,169	106,735	115,434	14,349	7,836	6,513	2	39,461
2022.1/4	용산구	후암동	8,472	17,220	8,408	8,812	16,765	8,185	8,580	455	223	232	1.98	3,062
2022.1/4	용산구	용산2가동	5,243	10,779	5,270	5,509	9,399	4,544	4,855	1,380	726	654	1.79	2,057
2022.1/4	용산구	남영동	5,194	7,811	4,700	3,111	7,351	4,466	2,885	460	234	226	1.42	1,575
2022.1/4	용산구	원효로2동	6,048	13,839	6,513	7,326	13,719	6,469	7,250	120	44	76	2.27	2,308
2022.1/4	용산구	효창동	4,407	10,179	4,831	5,348	10,059	4,781	5,278	120	50	70	2.28	1,496
2022.1/4	용산구	용문동	5,400	11,932	5,694	6,238	11,818	5,647	6,171	114	47	67	2.19	2,171
2022.1/4	용산구	이촌1동	9,541	26,447	12,435	14,012	25,750	12,047	13,703	697	388	309	2.7	4,397
2022.1/4	용산구	이촌2동	3,685	8,310	3,883	4,427	8,242	3,856	4,386	68	27	41	2.24	1,796
2022.1/4	용산구	이태원1동	3,604	8,068	4,200	3,868	6,332	3,087	3,245	1,736	1,113	623	1.76	1,392
2022.1/4	용산구	이태원2동	4,923	10,576	4,966	5,610	8,947	4,103	4,844	1,629	863	766	1.82	1,848
2022.1/4	용산구	서빙고동	5,301	13,879	6,659	7,220	12,997	6,212	6,785	882	447	435	2.45	2,159
2022.1/4	용산구	보광동	7,388	14,610	7,463	7,147	13,337	6,619	6,718	1,273	844	429	1.81	2,726
2022.1/4	용산구	청파동	11,173	20,081	9,279	10,802	19,459	9,063	10,396	622	216	406	1.74	3,326
2022.1/4	용산구	원효로1동	8,214	16,618	7,900	8,718	16,003	7,577	8,426	615	323	292	1.95	2,013
2022.1/4	용산구	한강로동	11,685	23,286	11,158	12,128	21,662	10,299	11,363	1,624	859	765	1.85	3,291
2022.1/4	용산구	한남동	10,929	22,883	11,212	11,671	20,329	9,780	10,549	2,554	1,432	1,122	1.86	3,844
2022.1/4	성동구	소계	134,533	291,609	141,662	149,947	285,073	138,847	146,226	6,536	2,815	3,721	2.12	46,896
2022.1/4	성동구	왕십리2동	7,408	16,730	8,061	8,669	16,397	7,917	8,480	333	144	189	2.21	2,591
2022.1/4	성동구	마장동	11,076	22,975	11,267	11,708	22,375	11,042	11,333	600	225	375	2.02	3,986
2022.1/4	성동구	사근동	8,140	13,627	6,840	6,787	12,062	6,255	5,807	1,565	585	980	1.48	1,522
2022.1/4	성동구	행당1동	6,513	14,238	6,834	7,404	13,923	6,693	7,230	315	141	174	2.14	2,154
2022.1/4	성동구	행당2동	9,221	23,273	10,886	12,387	23,180	10,851	12,329	93	35	58	2.51	3,878
2022.1/4	성동구	응봉동	6,041	15,348	7,313	8,035	15,299	7,290	8,009	49	23	26	2.53	2,575
2022.1/4	성동구	금호1가동	6,521	15,196	7,227	7,969	15,119	7,194	7,925	77	33	44	2.32	2,676
2022.1/4	성동구	금호4가동	6,355	14,419	6,852	7,567	14,293	6,789	7,504	126	63	63	2.25	2,431
2022.1/4	성동구	성수1가1동	7,785	16,792	8,393	8,399	16,493	8,225	8,268	299	168	131	2.12	2,319
2022.1/4	성동구	성수1가2동	6,105	12,686	6,214	6,472	12,471	6,115	6,356	215	99	116	2.04	1,953
2022.1/4	성동구	성수2가1동	8,136	16,138	8,405	7,733	15,675	8,194	7,481	463	211	252	1.93	2,939
2022.1/4	성동구	성수2가3동	5,570	10,926	5,509	5,417	10,707	5,380	5,327	219	129	90	1.92	1,915
2022.1/4	성동구	송정동	5,613	10,854	5,711	5,143	10,479	5,526	4,953	375	185	190	1.87	1,856
2022.1/4	성동구	용답동	7,072	12,474	6,389	6,085	11,568	6,025	5,543	906	364	542	1.64	2,187
2022.1/4	성동구	왕십리도선동	12,017	26,959	12,736	14,223	26,491	12,541	13,950	468	195	273	2.2	3,850
2022.1/4	성동구	금호2.3가동	10,091	22,801	10,820	11,981	22,631	10,748	11,883	170	72	98	2.24	3,908
2022.1/4	성동구	옥수동	10,869	26,173	12,205	13,968	25,910	12,062	13,848	263	143	120	2.38	4,156
2022.1/4	광진구	소계	169,483	353,110	169,525	183,585	340,707	164,346	176,361	12,403	5,179	7,224	2.01	52,604
2022.1/4	광진구	화양동	18,301	26,567	12,266	14,301	23,687	11,311	12,376	2,880	955	1,925	1.29	2,346
2022.1/4	광진구	군자동	11,373	21,341	10,530	10,811	19,529	9,665	9,864	1,812	865	947	1.72	3,054
2022.1/4	광진구	중곡1동	8,370	15,761	7,603	8,158	15,401	7,453	7,948	360	150	210	1.84	2,561
2022.1/4	광진구	중곡2동	10,679	21,650	10,158	11,492	21,334	10,045	11,289	316	113	203	2	3,327
2022.1/4	광진구	중곡3동	8,499	16,301	8,058	8,243	16,071	7,972	8,099	230	86	144	1.89	2,895
2022.1/4	광진구	중곡4동	13,185	28,806	14,048	14,758	28,442	13,916	14,526	364	132	232	2.16	5,254
2022.1/4	광진구	능동	6,437	11,602	5,342	6,260	11,285	5,199	6,086	317	143	174	1.75	1,660
2022.1/4	광진구	구의1동	12,778	23,481	11,168	12,313	22,899	10,900	11,999	582	268	314	1.79	3,249
2022.1/4	광진구	구의2동	11,602	26,891	12,943	13,948	26,423	12,746	13,677	468	197	271	2.28	4,431
2022.1/4	광진구	구의3동	12,174	28,756	13,585	15,171	28,523	13,487	15,036	233	98	135	2.34	4,211
2022.1/4	광진구	광장동	11,907	34,719	16,796	17,923	34,545	16,721	17,824	174	75	99	2.9	3,849
2022.1/4	광진구	자양1동	11,946	23,019	11,111	11,908	22,183	10,762	11,421	836	349	487	1.86	3,552
2022.1/4	광진구	자양2동	11,042	24,768	11,980	12,788	24,469	11,843	12,626	299	137	162	2.22	4,095
2022.1/4	광진구	자양3동	11,102	28,172	13,453	14,719	27,909	13,345	14,564	263	108	155	2.51	4,320
2022.1/4	광진구	자양4동	10,088	21,276	10,484	10,792	18,007	8,981	9,026	3,269	1,503	1,766	1.78	3,800
2022.1/4	동대문구	소계	169,695	352,592	172,318	180,274	337,982	166,823	171,159	14,610	5,495	9,115	1.99	62,963
2022.1/4	동대문구	회기동	6,677	12,924	5,938	6,986	10,581	5,074	5,507	2,343	864	1,479	1.58	1,570
2022.1/4	동대문구	휘경1동	7,769	16,110	7,349	8,761	14,009	6,641	7,368	2,101	708	1,393	1.8	2,140
2022.1/4	동대문구	휘경2동	12,231	24,857	12,330	12,527	24,150	12,071	12,079	707	259	448	1.97	4,043
2022.1/4	동대문구	청량리동	9,688	19,216	9,540	9,676	18,761	9,336	9,425	455	204	251	1.94	5,290
2022.1/4	동대문구	용신동	19,469	33,984	16,850	17,134	32,540	16,291	16,249	1,444	559	885	1.67	5,839
2022.1/4	동대문구	제기동	13,565	26,598	13,339	13,259	24,650	12,636	12,014	1,948	703	1,245	1.82	5,820
2022.1/4	동대문구	전농1동	14,885	29,553	14,753	14,800	29,059	14,569	14,490	494	184	310	1.95	5,696
2022.1/4	동대문구	전농2동	7,635	18,747	8,985	9,762	18,437	8,861	9,576	310	124	186	2.41	3,699
2022.1/4	동대문구	답십리2동	12,621	28,376	13,803	14,573	28,123	13,681	14,442	253	122	131	2.23	5,610
2022.1/4	동대문구	장안1동	18,443	38,712	19,103	19,609	38,158	18,880	19,278	554	223	331	2.07	6,606
2022.1/4	동대문구	장안2동	14,109	32,761	16,289	16,472	32,461	16,172	16,289	300	117	183	2.3	5,293
2022.1/4	동대문구	이문1동	10,684	21,054	10,123	10,931	18,156	9,056	9,100	2,898	1,067	1,831	1.7	3,193
2022.1/4	동대문구	이문2동	8,780	20,364	9,809	10,555	19,941	9,614	10,327	423	195	228	2.27	4,033
2022.1/4	동대문구	답십리1동	13,139	29,336	14,107	15,229	28,956	13,941	15,015	380	166	214	2.2	4,131
2022.1/4	중랑구	소계	187,693	393,600	193,623	199,977	389,043	191,835	197,208	4,557	1,788	2,769	2.07	72,851
2022.1/4	중랑구	면목2동	12,274	24,449	12,161	12,288	24,095	12,029	12,066	354	132	222	1.96	4,633
2022.1/4	중랑구	면목4동	9,134	19,215	9,534	9,681	18,938	9,422	9,516	277	112	165	2.07	3,868
2022.1/4	중랑구	면목5동	6,475	14,959	7,506	7,453	14,843	7,467	7,376	116	39	77	2.29	2,273
2022.1/4	중랑구	면목7동	10,585	22,027	11,029	10,998	21,713	10,901	10,812	314	128	186	2.05	4,376
2022.1/4	중랑구	상봉1동	10,227	24,017	11,676	12,341	23,877	11,620	12,257	140	56	84	2.33	3,872
2022.1/4	중랑구	상봉2동	12,278	20,558	9,891	10,667	20,250	9,771	10,479	308	120	188	1.65	3,063
2022.1/4	중랑구	중화1동	9,094	19,669	9,632	10,037	19,495	9,568	9,927	174	64	110	2.14	3,735
2022.1/4	중랑구	중화2동	13,651	25,280	12,946	12,334	24,829	12,753	12,076	451	193	258	1.82	5,089
2022.1/4	중랑구	묵1동	15,019	34,602	16,640	17,962	34,403	16,574	17,829	199	66	133	2.29	6,020
2022.1/4	중랑구	묵2동	9,273	18,841	9,223	9,618	18,621	9,138	9,483	220	85	135	2.01	3,657
2022.1/4	중랑구	망우3동	8,218	16,539	8,293	8,246	16,210	8,153	8,057	329	140	189	1.97	3,458
2022.1/4	중랑구	신내1동	14,785	38,522	18,646	19,876	38,381	18,587	19,794	141	59	82	2.6	6,907
2022.1/4	중랑구	신내2동	8,997	20,311	9,643	10,668	20,222	9,615	10,607	89	28	61	2.25	4,120
2022.1/4	중랑구	면목본동	17,747	34,129	16,836	17,293	33,427	16,560	16,867	702	276	426	1.88	6,187
2022.1/4	중랑구	면목3.8동	12,661	24,989	12,359	12,630	24,591	12,192	12,399	398	167	231	1.94	5,065
2022.1/4	중랑구	망우본동	17,275	35,493	17,608	17,885	35,148	17,485	17,663	345	123	222	2.03	6,528
2022.1/4	성북구	소계	197,296	442,680	212,277	230,403	433,150	208,691	224,459	9,530	3,586	5,944	2.2	75,719
2022.1/4	성북구	돈암1동	6,092	14,640	6,826	7,814	14,542	6,792	7,750	98	34	64	2.39	2,907
2022.1/4	성북구	돈암2동	8,576	23,817	11,276	12,541	23,725	11,236	12,489	92	40	52	2.77	3,534
2022.1/4	성북구	안암동	9,691	16,809	8,218	8,591	15,194	7,666	7,528	1,615	552	1,063	1.57	2,142
2022.1/4	성북구	보문동	7,780	15,753	7,544	8,209	15,408	7,404	8,004	345	140	205	1.98	2,433
2022.1/4	성북구	정릉1동	7,385	18,290	8,768	9,522	18,102	8,701	9,401	188	67	121	2.45	3,160
2022.1/4	성북구	정릉2동	9,906	23,130	11,147	11,983	22,921	11,083	11,838	209	64	145	2.31	4,480
2022.1/4	성북구	정릉3동	8,151	16,308	8,014	8,294	15,269	7,607	7,662	1,039	407	632	1.87	3,310
2022.1/4	성북구	정릉4동	10,877	25,135	12,022	13,113	24,745	11,912	12,833	390	110	280	2.27	4,894
2022.1/4	성북구	길음1동	12,446	35,128	16,660	18,468	34,973	16,596	18,377	155	64	91	2.81	4,643
2022.1/4	성북구	길음2동	8,296	20,779	10,005	10,774	20,648	9,939	10,709	131	66	65	2.49	2,888
2022.1/4	성북구	월곡1동	10,855	26,408	12,688	13,720	26,215	12,624	13,591	193	64	129	2.42	4,797
2022.1/4	성북구	월곡2동	9,699	19,914	9,574	10,340	19,434	9,353	10,081	480	221	259	2	3,652
2022.1/4	성북구	장위1동	10,761	24,344	11,880	12,464	24,154	11,812	12,342	190	68	122	2.24	4,098
2022.1/4	성북구	장위2동	6,719	13,937	6,866	7,071	13,697	6,769	6,928	240	97	143	2.04	3,142
2022.1/4	성북구	장위3동	6,472	15,868	7,777	8,091	15,746	7,719	8,027	122	58	64	2.43	2,142
2022.1/4	성북구	성북동	8,252	17,023	7,907	9,116	16,501	7,696	8,805	522	211	311	2	3,093
2022.1/4	성북구	삼선동	11,606	23,428	11,084	12,344	22,878	10,892	11,986	550	192	358	1.97	4,011
2022.1/4	성북구	동선동	9,663	16,143	6,707	9,436	15,499	6,509	8,990	644	198	446	1.6	2,296
2022.1/4	성북구	종암동	17,164	40,053	19,655	20,398	38,522	19,096	19,426	1,531	559	972	2.24	6,827
2022.1/4	성북구	석관동	16,905	35,773	17,659	18,114	34,977	17,285	17,692	796	374	422	2.07	7,270
2022.1/4	강북구	소계	144,725	300,824	145,934	154,890	297,384	144,643	152,741	3,440	1,291	2,149	2.05	64,961
2022.1/4	강북구	번1동	10,391	18,791	9,411	9,380	18,418	9,275	9,143	373	136	237	1.77	3,724
2022.1/4	강북구	번2동	7,574	15,725	7,583	8,142	15,643	7,556	8,087	82	27	55	2.07	4,023
2022.1/4	강북구	번3동	7,468	16,751	7,823	8,928	16,694	7,813	8,881	57	10	47	2.24	4,715
2022.1/4	강북구	수유1동	10,463	20,740	10,194	10,546	20,538	10,119	10,419	202	75	127	1.96	4,463
2022.1/4	강북구	수유2동	9,884	21,323	10,134	11,189	21,180	10,089	11,091	143	45	98	2.14	4,979
2022.1/4	강북구	수유3동	13,155	23,516	11,617	11,899	23,046	11,460	11,586	470	157	313	1.75	4,710
2022.1/4	강북구	삼양동	11,076	23,611	11,779	11,832	23,438	11,721	11,717	173	58	115	2.12	4,970
2022.1/4	강북구	미아동	11,678	21,898	10,460	11,438	21,395	10,265	11,130	503	195	308	1.83	4,576
2022.1/4	강북구	송중동	13,950	29,818	14,321	15,497	29,258	14,078	15,180	560	243	317	2.1	6,054
2022.1/4	강북구	송천동	13,494	26,497	13,089	13,408	26,081	12,919	13,162	416	170	246	1.93	6,217
2022.1/4	강북구	삼각산동	11,531	31,175	14,961	16,214	31,065	14,913	16,152	110	48	62	2.69	4,554
2022.1/4	강북구	우이동	9,630	20,578	9,903	10,675	20,443	9,854	10,589	135	49	86	2.12	4,909
2022.1/4	강북구	인수동	14,431	30,401	14,659	15,742	30,185	14,581	15,604	216	78	138	2.09	7,067
2022.1/4	도봉구	소계	138,836	318,100	154,440	163,660	316,098	153,716	162,382	2,002	724	1,278	2.28	65,122
2022.1/4	도봉구	쌍문1동	9,426	21,618	10,326	11,292	21,343	10,254	11,089	275	72	203	2.26	4,675
2022.1/4	도봉구	쌍문2동	8,601	18,824	8,968	9,856	18,692	8,910	9,782	132	58	74	2.17	3,963
2022.1/4	도봉구	쌍문3동	8,018	16,871	8,112	8,759	16,728	8,067	8,661	143	45	98	2.09	3,497
2022.1/4	도봉구	쌍문4동	7,117	18,555	8,746	9,809	18,519	8,741	9,778	36	5	31	2.6	3,148
2022.1/4	도봉구	방학1동	13,010	28,813	14,299	14,514	28,581	14,208	14,373	232	91	141	2.2	5,994
2022.1/4	도봉구	방학2동	9,406	19,760	9,971	9,789	19,553	9,883	9,670	207	88	119	2.08	4,462
2022.1/4	도봉구	방학3동	9,986	26,952	13,054	13,898	26,884	13,033	13,851	68	21	47	2.69	5,155
2022.1/4	도봉구	창1동	10,971	24,731	11,737	12,994	24,603	11,690	12,913	128	47	81	2.24	4,682
2022.1/4	도봉구	창2동	12,602	29,214	14,187	15,027	28,979	14,093	14,886	235	94	141	2.3	5,355
2022.1/4	도봉구	창3동	6,541	13,863	6,928	6,935	13,775	6,896	6,879	88	32	56	2.11	2,979
2022.1/4	도봉구	창4동	10,703	26,503	12,734	13,769	26,413	12,695	13,718	90	39	51	2.47	4,364
2022.1/4	도봉구	창5동	10,235	24,579	11,719	12,860	24,475	11,687	12,788	104	32	72	2.39	4,458
2022.1/4	도봉구	도봉1동	10,364	21,032	10,589	10,443	20,889	10,539	10,350	143	50	93	2.02	5,834
2022.1/4	도봉구	도봉2동	11,856	26,785	13,070	13,715	26,664	13,020	13,644	121	50	71	2.25	6,556
2022.1/4	노원구	소계	219,065	514,445	247,417	267,028	510,486	245,663	264,823	3,959	1,754	2,205	2.33	89,426
2022.1/4	노원구	월계1동	10,291	22,153	11,453	10,700	21,536	11,141	10,395	617	312	305	2.09	4,277
2022.1/4	노원구	월계2동	11,904	26,521	12,738	13,783	26,390	12,690	13,700	131	48	83	2.22	5,919
2022.1/4	노원구	월계3동	12,981	29,883	14,234	15,649	29,708	14,161	15,547	175	73	102	2.29	6,206
2022.1/4	노원구	공릉2동	17,677	42,389	20,637	21,752	41,780	20,355	21,425	609	282	327	2.36	5,710
2022.1/4	노원구	하계1동	12,398	27,706	13,275	14,431	27,206	13,043	14,163	500	232	268	2.19	4,531
2022.1/4	노원구	하계2동	8,194	21,855	10,411	11,444	21,800	10,388	11,412	55	23	32	2.66	3,265
2022.1/4	노원구	중계본동	8,380	23,875	11,611	12,264	23,822	11,592	12,230	53	19	34	2.84	2,569
2022.1/4	노원구	중계1동	8,943	26,733	12,999	13,734	26,637	12,962	13,675	96	37	59	2.98	2,416
2022.1/4	노원구	중계4동	8,327	19,850	9,535	10,315	19,784	9,502	10,282	66	33	33	2.38	4,019
2022.1/4	노원구	상계1동	15,605	38,030	18,377	19,653	37,882	18,326	19,556	148	51	97	2.43	7,222
2022.1/4	노원구	상계2동	8,655	20,015	9,864	10,151	19,857	9,789	10,068	158	75	83	2.29	3,456
2022.1/4	노원구	상계5동	10,941	23,971	11,598	12,373	23,839	11,555	12,284	132	43	89	2.18	5,088
2022.1/4	노원구	상계8동	9,243	22,491	10,751	11,740	22,438	10,735	11,703	53	16	37	2.43	2,982
2022.1/4	노원구	상계9동	8,355	20,346	9,571	10,775	20,263	9,543	10,720	83	28	55	2.43	3,549
2022.1/4	노원구	상계10동	7,651	18,617	8,615	10,002	18,562	8,592	9,970	55	23	32	2.43	2,766
2022.1/4	노원구	상계3.4동	11,967	26,033	12,939	13,094	25,933	12,907	13,026	100	32	68	2.17	6,148
2022.1/4	노원구	상계6.7동	13,883	32,563	15,027	17,536	32,431	14,976	17,455	132	51	81	2.34	5,144
2022.1/4	노원구	중계2.3동	15,218	34,026	15,592	18,434	33,896	15,546	18,350	130	46	84	2.23	7,497
2022.1/4	노원구	공릉1동	18,452	37,388	18,190	19,198	36,722	17,860	18,862	666	330	336	1.99	6,662
2022.1/4	은평구	소계	215,178	476,013	227,172	248,841	472,259	225,640	246,619	3,754	1,532	2,222	2.19	88,418
2022.1/4	은평구	녹번동	17,646	37,109	17,545	19,564	36,747	17,382	19,365	362	163	199	2.08	7,159
2022.1/4	은평구	불광1동	17,813	38,695	18,218	20,477	38,444	18,111	20,333	251	107	144	2.16	7,794
2022.1/4	은평구	갈현1동	10,726	21,768	10,631	11,137	21,572	10,542	11,030	196	89	107	2.01	4,438
2022.1/4	은평구	갈현2동	12,626	28,374	13,431	14,943	28,094	13,319	14,775	280	112	168	2.23	5,045
2022.1/4	은평구	구산동	13,301	32,338	15,798	16,540	32,095	15,696	16,399	243	102	141	2.41	6,286
2022.1/4	은평구	대조동	14,619	27,167	12,589	14,578	26,875	12,469	14,406	292	120	172	1.84	5,215
2022.1/4	은평구	응암1동	15,002	33,303	15,750	17,553	32,996	15,623	17,373	307	127	180	2.2	5,256
2022.1/4	은평구	응암2동	11,324	28,258	13,694	14,564	28,069	13,612	14,457	189	82	107	2.48	4,089
2022.1/4	은평구	신사1동	11,900	27,117	12,993	14,124	26,922	12,926	13,996	195	67	128	2.26	5,042
2022.1/4	은평구	신사2동	8,884	20,059	9,981	10,078	19,933	9,940	9,993	126	41	85	2.24	3,885
2022.1/4	은평구	증산동	6,802	15,085	7,350	7,735	14,968	7,295	7,673	117	55	62	2.2	3,193
2022.1/4	은평구	수색동	5,543	13,246	6,501	6,745	13,184	6,476	6,708	62	25	37	2.38	2,339
2022.1/4	은평구	진관동	21,510	55,605	26,067	29,538	55,394	25,987	29,407	211	80	131	2.58	8,439
2022.1/4	은평구	불광2동	14,017	27,645	13,334	14,311	27,397	13,236	14,161	248	98	150	1.95	6,017
2022.1/4	은평구	응암3동	12,553	24,608	11,931	12,677	24,304	11,810	12,494	304	121	183	1.94	5,663
2022.1/4	은평구	역촌동	20,912	45,636	21,359	24,277	45,265	21,216	24,049	371	143	228	2.16	8,558
2022.1/4	서대문구	소계	145,044	317,075	149,805	167,270	305,866	145,958	159,908	11,209	3,847	7,362	2.11	55,012
2022.1/4	서대문구	천연동	7,736	17,222	8,179	9,043	16,994	8,056	8,938	228	123	105	2.2	3,228
2022.1/4	서대문구	홍제1동	10,378	23,723	11,093	12,630	23,478	10,995	12,483	245	98	147	2.26	4,666
2022.1/4	서대문구	홍제3동	7,880	17,490	8,400	9,090	17,339	8,339	9,000	151	61	90	2.2	3,890
2022.1/4	서대문구	홍제2동	5,785	13,697	6,427	7,270	13,601	6,388	7,213	96	39	57	2.35	2,763
2022.1/4	서대문구	홍은1동	9,802	22,895	11,036	11,859	22,667	10,954	11,713	228	82	146	2.31	4,622
2022.1/4	서대문구	홍은2동	12,340	27,089	13,004	14,085	26,361	12,720	13,641	728	284	444	2.14	5,256
2022.1/4	서대문구	남가좌1동	5,673	15,610	7,458	8,152	15,394	7,363	8,031	216	95	121	2.71	2,198
2022.1/4	서대문구	남가좌2동	13,371	30,758	14,678	16,080	29,697	14,319	15,378	1,061	359	702	2.22	4,921
2022.1/4	서대문구	북가좌1동	6,885	18,007	8,651	9,356	17,904	8,612	9,292	103	39	64	2.6	3,000
2022.1/4	서대문구	북가좌2동	14,602	31,671	15,449	16,222	31,371	15,335	16,036	300	114	186	2.15	6,417
2022.1/4	서대문구	충현동	10,311	20,722	9,978	10,744	20,324	9,790	10,534	398	188	210	1.97	3,459
2022.1/4	서대문구	북아현동	7,202	16,123	7,726	8,397	15,824	7,601	8,223	299	125	174	2.2	2,289
2022.1/4	서대문구	신촌동	14,476	24,469	9,915	14,554	20,120	8,859	11,261	4,349	1,056	3,293	1.39	2,146
2022.1/4	서대문구	연희동	18,603	37,599	17,811	19,788	34,792	16,627	18,165	2,807	1,184	1,623	1.87	6,157
2022.1/4	마포구	소계	180,702	378,629	176,886	201,743	368,331	173,073	195,258	10,298	3,813	6,485	2.04	55,168
2022.1/4	마포구	용강동	9,347	21,943	10,397	11,546	21,534	10,191	11,343	409	206	203	2.3	2,985
2022.1/4	마포구	대흥동	8,756	15,976	7,459	8,517	14,549	7,028	7,521	1,427	431	996	1.66	2,077
2022.1/4	마포구	염리동	7,838	17,742	8,347	9,395	16,849	8,086	8,763	893	261	632	2.15	2,125
2022.1/4	마포구	신수동	10,043	22,833	11,093	11,740	22,493	10,953	11,540	340	140	200	2.24	3,310
2022.1/4	마포구	서교동	15,579	26,912	11,993	14,919	24,952	11,401	13,551	1,960	592	1,368	1.6	3,364
2022.1/4	마포구	합정동	9,566	17,631	8,140	9,491	17,287	8,007	9,280	344	133	211	1.81	2,671
2022.1/4	마포구	망원1동	10,313	20,258	9,467	10,791	19,937	9,321	10,616	321	146	175	1.93	3,376
2022.1/4	마포구	망원2동	8,491	18,723	8,749	9,974	18,520	8,670	9,850	203	79	124	2.18	3,164
2022.1/4	마포구	연남동	8,672	16,002	7,453	8,549	14,934	7,046	7,888	1,068	407	661	1.72	2,443
2022.1/4	마포구	성산1동	9,464	19,235	9,044	10,191	18,912	8,902	10,010	323	142	181	2	2,991
2022.1/4	마포구	성산2동	19,386	39,830	17,891	21,939	39,526	17,792	21,734	304	99	205	2.04	6,312
2022.1/4	마포구	상암동	12,728	31,356	14,876	16,480	30,657	14,542	16,115	699	334	365	2.41	4,127
2022.1/4	마포구	도화동	9,297	21,269	10,147	11,122	21,019	10,033	10,986	250	114	136	2.26	3,745
2022.1/4	마포구	서강동	12,235	25,657	12,156	13,501	24,968	11,932	13,036	689	224	465	2.04	3,272
2022.1/4	마포구	공덕동	18,569	37,726	17,718	20,008	37,099	17,416	19,683	627	302	325	2	5,982
2022.1/4	마포구	아현동	10,418	25,536	11,956	13,580	25,095	11,753	13,342	441	203	238	2.41	3,224
2022.1/4	양천구	소계	181,765	449,378	219,882	229,496	446,182	218,554	227,628	3,196	1,328	1,868	2.45	69,953
2022.1/4	양천구	목1동	10,371	30,696	14,776	15,920	30,552	14,699	15,853	144	77	67	2.95	3,357
2022.1/4	양천구	목2동	13,422	30,056	14,623	15,433	29,829	14,538	15,291	227	85	142	2.22	4,253
2022.1/4	양천구	목3동	10,121	22,021	10,483	11,538	21,874	10,418	11,456	147	65	82	2.16	3,440
2022.1/4	양천구	목4동	10,150	25,441	12,412	13,029	25,265	12,335	12,930	176	77	99	2.49	3,330
2022.1/4	양천구	신월1동	10,260	20,668	10,559	10,109	20,397	10,457	9,940	271	102	169	1.99	4,346
2022.1/4	양천구	신월2동	8,471	20,714	10,083	10,631	20,555	10,017	10,538	159	66	93	2.43	3,975
2022.1/4	양천구	신월3동	7,932	15,277	8,065	7,212	15,097	7,980	7,117	180	85	95	1.9	3,073
2022.1/4	양천구	신월4동	6,880	17,897	8,723	9,174	17,806	8,697	9,109	91	26	65	2.59	3,376
2022.1/4	양천구	신월5동	6,484	14,714	7,301	7,413	14,574	7,252	7,322	140	49	91	2.25	2,543
2022.1/4	양천구	신월6동	5,338	13,871	6,771	7,100	13,821	6,752	7,069	50	19	31	2.59	1,876
2022.1/4	양천구	신월7동	9,178	19,739	9,621	10,118	19,600	9,583	10,017	139	38	101	2.14	4,444
2022.1/4	양천구	신정1동	7,068	20,337	9,911	10,426	20,227	9,860	10,367	110	51	59	2.86	2,789
2022.1/4	양천구	신정2동	7,008	19,520	9,582	9,938	19,415	9,534	9,881	105	48	57	2.77	2,663
2022.1/4	양천구	신정3동	19,546	50,271	24,395	25,876	49,922	24,235	25,687	349	160	189	2.55	7,694
2022.1/4	양천구	신정6동	8,281	24,531	11,923	12,608	24,508	11,915	12,593	23	8	15	2.96	2,909
2022.1/4	양천구	신정7동	11,467	29,030	14,011	15,019	28,874	13,942	14,932	156	69	87	2.52	5,105
2022.1/4	양천구	목5동	13,441	41,103	20,375	20,728	41,022	20,346	20,676	81	29	52	3.05	4,800
2022.1/4	양천구	신정4동	16,347	33,492	16,268	17,224	32,844	15,994	16,850	648	274	374	2.01	5,980
2022.1/4	강서구	소계	272,572	578,426	277,797	300,629	573,046	275,422	297,624	5,380	2,375	3,005	2.1	93,924
2022.1/4	강서구	염창동	16,351	41,692	20,150	21,542	41,563	20,083	21,480	129	67	62	2.54	4,504
2022.1/4	강서구	등촌1동	13,783	24,628	11,359	13,269	24,438	11,296	13,142	190	63	127	1.77	2,965
2022.1/4	강서구	등촌2동	8,668	20,247	9,862	10,385	20,126	9,816	10,310	121	46	75	2.32	3,230
2022.1/4	강서구	등촌3동	15,181	30,700	14,486	16,214	30,527	14,421	16,106	173	65	108	2.01	6,843
2022.1/4	강서구	화곡본동	17,449	34,659	16,752	17,907	34,263	16,596	17,667	396	156	240	1.96	4,998
2022.1/4	강서구	화곡2동	8,211	17,995	8,683	9,312	17,729	8,583	9,146	266	100	166	2.16	2,913
2022.1/4	강서구	화곡3동	9,721	21,664	10,313	11,351	21,517	10,256	11,261	147	57	90	2.21	4,154
2022.1/4	강서구	화곡4동	9,798	20,792	10,163	10,629	20,513	10,037	10,476	279	126	153	2.09	3,914
2022.1/4	강서구	화곡6동	12,785	25,167	12,122	13,045	24,943	12,039	12,904	224	83	141	1.95	3,998
2022.1/4	강서구	화곡8동	11,921	24,775	11,931	12,844	24,385	11,757	12,628	390	174	216	2.05	4,513
2022.1/4	강서구	가양1동	20,651	34,435	15,716	18,719	34,155	15,588	18,567	280	128	152	1.65	3,151
2022.1/4	강서구	가양2동	8,024	13,971	6,595	7,376	13,892	6,576	7,316	79	19	60	1.73	4,164
2022.1/4	강서구	가양3동	7,872	15,004	6,978	8,026	14,906	6,935	7,971	98	43	55	1.89	3,767
2022.1/4	강서구	발산1동	13,464	36,393	17,164	19,229	36,210	17,073	19,137	183	91	92	2.69	4,940
2022.1/4	강서구	공항동	14,071	31,297	15,832	15,465	30,684	15,477	15,207	613	355	258	2.18	4,350
2022.1/4	강서구	방화1동	17,231	42,879	20,894	21,985	42,641	20,783	21,858	238	111	127	2.47	6,751
2022.1/4	강서구	방화2동	12,002	23,523	11,617	11,906	23,240	11,462	11,778	283	155	128	1.94	4,916
2022.1/4	강서구	방화3동	11,267	22,790	11,026	11,764	22,651	10,971	11,680	139	55	84	2.01	5,344
2022.1/4	강서구	화곡1동	27,973	52,820	25,602	27,218	51,877	25,218	26,659	943	384	559	1.85	8,553
2022.1/4	강서구	우장산동	16,149	42,995	20,552	22,443	42,786	20,455	22,331	209	97	112	2.65	5,956
2022.1/4	구로구	소계	181,916	419,984	208,027	211,957	396,017	195,002	201,015	23,967	13,025	10,942	2.18	73,864
2022.1/4	구로구	신도림동	13,844	36,339	17,634	18,705	36,022	17,486	18,536	317	148	169	2.6	4,820
2022.1/4	구로구	구로1동	8,367	21,132	10,345	10,787	20,799	10,181	10,618	333	164	169	2.49	2,741
2022.1/4	구로구	구로3동	13,502	25,194	12,977	12,217	23,573	12,137	11,436	1,621	840	781	1.75	3,572
2022.1/4	구로구	구로4동	10,616	23,580	11,690	11,890	19,581	9,474	10,107	3,999	2,216	1,783	1.84	4,790
2022.1/4	구로구	구로5동	15,475	32,012	15,626	16,386	29,465	14,286	15,179	2,547	1,340	1,207	1.9	4,894
2022.1/4	구로구	고척1동	9,487	22,389	11,139	11,250	22,081	10,987	11,094	308	152	156	2.33	4,437
2022.1/4	구로구	고척2동	11,483	26,993	13,358	13,635	26,540	13,148	13,392	453	210	243	2.31	5,361
2022.1/4	구로구	개봉2동	12,561	31,144	15,160	15,984	30,723	14,968	15,755	421	192	229	2.45	6,623
2022.1/4	구로구	개봉3동	8,852	20,602	10,020	10,582	20,239	9,838	10,401	363	182	181	2.29	4,362
2022.1/4	구로구	오류1동	12,146	23,064	11,166	11,898	22,473	10,879	11,594	591	287	304	1.85	4,062
2022.1/4	구로구	수궁동	10,013	23,656	11,664	11,992	23,358	11,514	11,844	298	150	148	2.33	4,517
2022.1/4	구로구	가리봉동	6,112	13,060	7,403	5,657	9,055	4,945	4,110	4,005	2,458	1,547	1.48	2,176
2022.1/4	구로구	구로2동	12,592	30,908	15,876	15,032	23,656	11,902	11,754	7,252	3,974	3,278	1.88	6,039
2022.1/4	구로구	개봉1동	14,938	34,433	17,144	17,289	33,658	16,773	16,885	775	371	404	2.25	6,541
2022.1/4	구로구	오류2동	15,666	38,917	18,734	20,183	38,353	18,448	19,905	564	286	278	2.45	7,234
2022.1/4	구로구	항동	6,262	16,561	8,091	8,470	16,441	8,036	8,405	120	55	65	2.63	1,695
2022.1/4	금천구	소계	118,697	244,901	123,959	120,942	231,098	116,568	114,530	13,803	7,391	6,412	1.95	41,819
2022.1/4	금천구	가산동	17,076	26,363	14,337	12,026	23,866	12,902	10,964	2,497	1,435	1,062	1.4	2,757
2022.1/4	금천구	독산1동	23,716	47,111	24,184	22,927	45,323	23,228	22,095	1,788	956	832	1.91	6,017
2022.1/4	금천구	독산2동	9,569	20,112	10,217	9,895	18,677	9,457	9,220	1,435	760	675	1.95	3,604
2022.1/4	금천구	독산3동	12,883	27,629	14,013	13,616	24,254	12,138	12,116	3,375	1,875	1,500	1.88	4,779
2022.1/4	금천구	독산4동	7,684	16,676	8,387	8,289	15,098	7,565	7,533	1,578	822	756	1.96	3,008
2022.1/4	금천구	시흥1동	16,175	34,402	17,113	17,289	32,721	16,244	16,477	1,681	869	812	2.02	6,382
2022.1/4	금천구	시흥2동	8,266	21,209	10,185	11,024	21,089	10,135	10,954	120	50	70	2.55	4,156
2022.1/4	금천구	시흥3동	4,732	10,890	5,395	5,495	10,742	5,329	5,413	148	66	82	2.27	2,403
2022.1/4	금천구	시흥4동	9,223	20,904	10,327	10,577	20,253	10,014	10,239	651	313	338	2.2	4,267
2022.1/4	금천구	시흥5동	9,373	19,605	9,801	9,804	19,075	9,556	9,519	530	245	285	2.04	4,446
2022.1/4	영등포구	소계	188,193	400,241	198,080	202,161	376,740	185,696	191,044	23,501	12,384	11,117	2	63,547
2022.1/4	영등포구	여의동	13,414	33,222	15,600	17,622	32,857	15,414	17,443	365	186	179	2.45	6,292
2022.1/4	영등포구	당산1동	10,923	20,728	10,134	10,594	20,382	9,977	10,405	346	157	189	1.87	3,432
2022.1/4	영등포구	당산2동	19,057	37,960	17,781	20,179	37,593	17,626	19,967	367	155	212	1.97	4,788
2022.1/4	영등포구	양평1동	9,863	18,624	9,061	9,563	18,339	8,945	9,394	285	116	169	1.86	2,418
2022.1/4	영등포구	양평2동	10,703	22,432	10,969	11,463	22,243	10,893	11,350	189	76	113	2.08	2,561
2022.1/4	영등포구	신길1동	10,732	18,747	9,581	9,166	17,376	8,864	8,512	1,371	717	654	1.62	3,374
2022.1/4	영등포구	신길3동	7,672	17,546	8,714	8,832	16,559	8,181	8,378	987	533	454	2.16	3,239
2022.1/4	영등포구	신길4동	5,757	13,095	6,558	6,537	12,366	6,164	6,202	729	394	335	2.15	2,402
2022.1/4	영등포구	신길5동	4,774	11,521	5,656	5,865	10,457	5,103	5,354	1,064	553	511	2.19	2,088
2022.1/4	영등포구	신길6동	9,187	19,826	9,725	10,101	19,056	9,321	9,735	770	404	366	2.07	3,401
2022.1/4	영등포구	신길7동	7,907	20,126	10,024	10,102	19,933	9,933	10,000	193	91	102	2.52	2,595
2022.1/4	영등포구	대림1동	7,105	16,934	8,571	8,363	14,433	7,189	7,244	2,501	1,382	1,119	2.03	3,224
2022.1/4	영등포구	대림2동	6,953	18,016	9,250	8,766	11,930	5,881	6,049	6,086	3,369	2,717	1.72	3,195
2022.1/4	영등포구	대림3동	10,406	25,744	12,959	12,785	22,229	11,114	11,115	3,515	1,845	1,670	2.14	4,659
2022.1/4	영등포구	영등포본동	10,486	23,081	11,852	11,229	21,239	10,881	10,358	1,842	971	871	2.03	4,317
2022.1/4	영등포구	영등포동	20,620	30,091	15,628	14,463	29,423	15,302	14,121	668	326	342	1.43	3,421
2022.1/4	영등포구	도림동	9,479	19,816	9,992	9,824	17,789	8,980	8,809	2,027	1,012	1,015	1.88	3,386
2022.1/4	영등포구	문래동	13,155	32,732	16,025	16,707	32,536	15,928	16,608	196	97	99	2.47	4,755
2022.1/4	동작구	소계	186,419	394,649	190,377	204,272	386,017	186,648	199,369	8,632	3,729	4,903	2.07	67,470
2022.1/4	동작구	노량진2동	6,923	11,380	5,859	5,521	10,693	5,515	5,178	687	344	343	1.54	2,275
2022.1/4	동작구	상도1동	22,033	45,781	22,080	23,701	44,452	21,577	22,875	1,329	503	826	2.02	7,189
2022.1/4	동작구	상도2동	12,607	28,195	13,495	14,700	27,945	13,407	14,538	250	88	162	2.22	4,342
2022.1/4	동작구	상도3동	12,085	24,726	11,784	12,942	24,390	11,629	12,761	336	155	181	2.02	4,519
2022.1/4	동작구	상도4동	14,192	28,917	14,001	14,916	28,585	13,880	14,705	332	121	211	2.01	5,174
2022.1/4	동작구	사당1동	13,562	23,268	11,106	12,162	22,795	10,886	11,909	473	220	253	1.68	3,811
2022.1/4	동작구	사당3동	10,513	24,532	11,903	12,629	24,327	11,809	12,518	205	94	111	2.31	4,562
2022.1/4	동작구	사당4동	7,214	14,350	6,861	7,489	14,174	6,770	7,404	176	91	85	1.96	2,713
2022.1/4	동작구	사당5동	6,636	14,543	6,967	7,576	14,450	6,929	7,521	93	38	55	2.18	2,371
2022.1/4	동작구	대방동	17,252	38,151	18,090	20,061	37,812	17,915	19,897	339	175	164	2.19	5,867
2022.1/4	동작구	신대방1동	10,234	24,838	11,983	12,855	23,035	11,047	11,988	1,803	936	867	2.25	4,008
2022.1/4	동작구	신대방2동	10,465	22,223	10,599	11,624	21,996	10,508	11,488	227	91	136	2.1	3,336
2022.1/4	동작구	흑석동	14,060	32,996	15,812	17,184	31,317	15,232	16,085	1,679	580	1,099	2.23	5,764
2022.1/4	동작구	노량진1동	16,238	32,215	16,142	16,073	31,884	16,020	15,864	331	122	209	1.96	5,942
2022.1/4	동작구	사당2동	12,405	28,534	13,695	14,839	28,162	13,524	14,638	372	171	201	2.27	5,597
2022.1/4	관악구	소계	279,353	500,336	250,450	249,886	486,375	244,409	241,966	13,961	6,041	7,920	1.74	80,686
2022.1/4	관악구	보라매동	13,056	24,927	12,225	12,702	24,463	12,023	12,440	464	202	262	1.87	4,547
2022.1/4	관악구	청림동	6,452	15,135	7,329	7,806	15,039	7,293	7,746	96	36	60	2.33	2,739
2022.1/4	관악구	행운동	17,900	29,569	14,299	15,270	29,076	14,127	14,949	493	172	321	1.62	4,444
2022.1/4	관악구	낙성대동	11,493	17,606	8,792	8,814	17,035	8,560	8,475	571	232	339	1.48	2,023
2022.1/4	관악구	중앙동	10,018	15,681	7,499	8,182	15,301	7,351	7,950	380	148	232	1.53	2,357
2022.1/4	관악구	인헌동	14,637	26,237	12,717	13,520	25,874	12,576	13,298	363	141	222	1.77	4,063
2022.1/4	관악구	남현동	9,748	18,259	8,793	9,466	18,062	8,713	9,349	197	80	117	1.85	2,848
2022.1/4	관악구	서원동	14,553	23,435	12,095	11,340	22,752	11,801	10,951	683	294	389	1.56	3,369
2022.1/4	관악구	신원동	11,165	18,752	9,450	9,302	17,935	9,085	8,850	817	365	452	1.61	3,282
2022.1/4	관악구	서림동	14,449	23,849	13,056	10,793	23,114	12,777	10,337	735	279	456	1.6	3,591
2022.1/4	관악구	신사동	14,161	24,955	12,468	12,487	22,705	11,392	11,313	2,250	1,076	1,174	1.6	3,673
2022.1/4	관악구	신림동	18,375	23,515	12,360	11,155	22,706	12,025	10,681	809	335	474	1.24	2,002
2022.1/4	관악구	난향동	6,292	15,332	7,495	7,837	15,218	7,437	7,781	114	58	56	2.42	2,767
2022.1/4	관악구	조원동	10,940	18,874	9,508	9,366	17,482	8,794	8,688	1,392	714	678	1.6	2,937
2022.1/4	관악구	대학동	16,249	25,186	14,855	10,331	23,423	14,145	9,278	1,763	710	1,053	1.44	3,079
2022.1/4	관악구	은천동	16,099	33,540	16,357	17,183	33,065	16,155	16,910	475	202	273	2.05	6,001
2022.1/4	관악구	성현동	12,299	29,161	14,053	15,108	28,974	13,976	14,998	187	77	110	2.36	5,425
2022.1/4	관악구	청룡동	23,676	36,789	17,647	19,142	35,732	17,240	18,492	1,057	407	650	1.51	4,610
2022.1/4	관악구	난곡동	13,158	27,104	13,576	13,528	26,648	13,377	13,271	456	199	257	2.03	5,496
2022.1/4	관악구	삼성동	10,189	21,393	10,673	10,720	21,263	10,624	10,639	130	49	81	2.09	5,485
2022.1/4	관악구	미성동	14,444	31,037	15,203	15,834	30,508	14,938	15,570	529	265	264	2.11	5,948
2022.1/4	서초구	소계	169,895	413,677	197,665	216,012	409,823	195,806	214,017	3,854	1,859	1,995	2.41	61,404
2022.1/4	서초구	서초1동	9,461	20,815	10,013	10,802	20,620	9,924	10,696	195	89	106	2.18	3,075
2022.1/4	서초구	서초2동	11,591	26,878	12,849	14,029	26,522	12,669	13,853	356	180	176	2.29	3,283
2022.1/4	서초구	서초3동	15,325	32,700	15,641	17,059	32,393	15,511	16,882	307	130	177	2.11	4,903
2022.1/4	서초구	서초4동	10,867	30,936	15,099	15,837	30,678	14,969	15,709	258	130	128	2.82	4,395
2022.1/4	서초구	잠원동	10,767	26,853	12,905	13,948	26,675	12,829	13,846	178	76	102	2.48	3,379
2022.1/4	서초구	반포본동	334	696	330	366	670	315	355	26	15	11	2.01	116
2022.1/4	서초구	반포1동	15,086	34,894	16,929	17,965	34,535	16,768	17,767	359	161	198	2.29	4,084
2022.1/4	서초구	반포2동	5,009	15,858	7,543	8,315	15,768	7,503	8,265	90	40	50	3.15	2,042
2022.1/4	서초구	반포3동	7,693	22,155	10,535	11,620	22,102	10,510	11,592	53	25	28	2.87	3,128
2022.1/4	서초구	반포4동	7,197	19,791	9,337	10,454	19,144	8,973	10,171	647	364	283	2.66	2,927
2022.1/4	서초구	방배본동	7,994	20,995	9,704	11,291	20,815	9,606	11,209	180	98	82	2.6	3,141
2022.1/4	서초구	방배1동	7,513	16,944	7,941	9,003	16,810	7,880	8,930	134	61	73	2.24	2,930
2022.1/4	서초구	방배2동	8,214	18,992	8,906	10,086	18,873	8,849	10,024	119	57	62	2.3	3,510
2022.1/4	서초구	방배3동	7,081	18,802	9,087	9,715	18,727	9,048	9,679	75	39	36	2.64	3,446
2022.1/4	서초구	방배4동	9,728	23,700	10,784	12,916	23,410	10,659	12,751	290	125	165	2.41	3,591
2022.1/4	서초구	양재1동	17,907	43,152	20,619	22,533	42,838	20,468	22,370	314	151	163	2.39	7,103
2022.1/4	서초구	양재2동	10,891	22,037	10,995	11,042	21,825	10,902	10,923	212	93	119	2	3,041
2022.1/4	서초구	내곡동	7,237	17,479	8,448	9,031	17,418	8,423	8,995	61	25	36	2.41	3,310
2022.1/4	강남구	소계	234,612	537,338	257,096	280,242	532,577	254,866	277,711	4,761	2,230	2,531	2.27	79,575
2022.1/4	강남구	신사동	7,010	16,116	7,479	8,637	15,895	7,362	8,533	221	117	104	2.27	3,063
2022.1/4	강남구	논현1동	13,995	22,583	10,604	11,979	21,973	10,346	11,627	610	258	352	1.57	2,989
2022.1/4	강남구	논현2동	11,413	21,300	9,946	11,354	20,971	9,804	11,167	329	142	187	1.84	3,194
2022.1/4	강남구	삼성1동	5,489	13,059	6,467	6,592	12,808	6,299	6,509	251	168	83	2.33	2,170
2022.1/4	강남구	삼성2동	13,739	31,130	14,934	16,196	30,877	14,787	16,090	253	147	106	2.25	3,777
2022.1/4	강남구	대치1동	7,256	24,031	12,059	11,972	23,999	12,040	11,959	32	19	13	3.31	2,607
2022.1/4	강남구	대치4동	10,163	19,914	9,409	10,505	19,639	9,305	10,334	275	104	171	1.93	2,104
2022.1/4	강남구	역삼1동	24,237	36,431	17,668	18,763	35,404	17,249	18,155	1,027	419	608	1.46	3,714
2022.1/4	강남구	역삼2동	15,540	36,288	17,020	19,268	35,979	16,869	19,110	309	151	158	2.32	3,714
2022.1/4	강남구	도곡1동	8,539	21,566	10,219	11,347	21,425	10,150	11,275	141	69	72	2.51	3,035
2022.1/4	강남구	도곡2동	11,648	33,140	15,425	17,715	33,057	15,374	17,683	83	51	32	2.84	4,998
2022.1/4	강남구	개포1동	2,716	6,982	3,388	3,594	6,962	3,380	3,582	20	8	12	2.56	1,677
2022.1/4	강남구	개포4동	10,037	23,790	11,498	12,292	23,641	11,437	12,204	149	61	88	2.36	3,316
2022.1/4	강남구	일원본동	8,055	23,172	11,455	11,717	23,144	11,442	11,702	28	13	15	2.87	3,190
2022.1/4	강남구	일원1동	7,466	15,180	7,395	7,785	15,044	7,348	7,696	136	47	89	2.02	3,348
2022.1/4	강남구	일원2동	7,487	17,563	8,488	9,075	17,504	8,465	9,039	59	23	36	2.34	3,454
2022.1/4	강남구	수서동	7,770	14,726	6,662	8,064	14,659	6,638	8,021	67	24	43	1.89	4,692
2022.1/4	강남구	세곡동	17,928	43,213	20,356	22,857	43,041	20,283	22,758	172	73	99	2.4	6,677
2022.1/4	강남구	압구정동	10,234	26,315	12,204	14,111	26,168	12,119	14,049	147	85	62	2.56	5,258
2022.1/4	강남구	청담동	11,203	25,723	12,032	13,691	25,497	11,907	13,590	226	125	101	2.28	3,755
2022.1/4	강남구	대치2동	12,908	36,876	18,679	18,197	36,726	18,588	18,138	150	91	59	2.85	5,112
2022.1/4	강남구	개포2동	9,779	28,240	13,709	14,531	28,164	13,674	14,490	76	35	41	2.88	3,731
2022.1/4	송파구	소계	285,106	668,261	321,963	346,298	662,607	319,407	343,200	5,654	2,556	3,098	2.32	99,854
2022.1/4	송파구	풍납1동	5,963	13,298	6,522	6,776	12,747	6,255	6,492	551	267	284	2.14	2,773
2022.1/4	송파구	풍납2동	10,990	24,856	11,792	13,064	24,683	11,709	12,974	173	83	90	2.25	3,887
2022.1/4	송파구	거여1동	5,643	12,454	6,260	6,194	12,381	6,239	6,142	73	21	52	2.19	2,440
2022.1/4	송파구	거여2동	9,658	22,819	11,211	11,608	22,729	11,174	11,555	90	37	53	2.35	3,962
2022.1/4	송파구	마천1동	8,811	18,909	9,649	9,260	18,758	9,594	9,164	151	55	96	2.13	4,222
2022.1/4	송파구	마천2동	8,692	18,597	9,476	9,121	18,445	9,410	9,035	152	66	86	2.12	4,069
2022.1/4	송파구	방이1동	6,234	15,662	7,564	8,098	15,574	7,526	8,048	88	38	50	2.5	2,278
2022.1/4	송파구	방이2동	15,268	26,971	12,506	14,465	26,430	12,254	14,176	541	252	289	1.73	3,586
2022.1/4	송파구	오륜동	5,922	17,944	8,755	9,189	17,926	8,746	9,180	18	9	9	3.03	2,916
2022.1/4	송파구	오금동	15,652	38,366	18,613	19,753	38,146	18,500	19,646	220	113	107	2.44	6,520
2022.1/4	송파구	송파1동	12,309	24,135	11,285	12,850	23,806	11,126	12,680	329	159	170	1.93	3,522
2022.1/4	송파구	송파2동	7,241	19,279	9,290	9,989	19,125	9,214	9,911	154	76	78	2.64	2,950
2022.1/4	송파구	석촌동	16,924	32,025	15,239	16,786	31,449	14,982	16,467	576	257	319	1.86	4,574
2022.1/4	송파구	삼전동	16,086	30,441	14,232	16,209	30,077	14,094	15,983	364	138	226	1.87	4,051
2022.1/4	송파구	가락본동	11,837	26,317	13,039	13,278	26,039	12,916	13,123	278	123	155	2.2	3,876
2022.1/4	송파구	가락1동	9,865	27,548	13,356	14,192	27,430	13,303	14,127	118	53	65	2.78	3,566
2022.1/4	송파구	가락2동	12,359	31,946	15,634	16,312	31,770	15,552	16,218	176	82	94	2.57	4,350
2022.1/4	송파구	문정1동	8,523	20,125	9,955	10,170	19,938	9,879	10,059	187	76	111	2.34	3,032
2022.1/4	송파구	문정2동	15,749	29,061	13,293	15,768	28,855	13,211	15,644	206	82	124	1.83	4,072
2022.1/4	송파구	잠실본동	15,535	28,386	13,504	14,882	27,894	13,291	14,603	492	213	279	1.8	3,844
2022.1/4	송파구	잠실4동	7,277	21,362	10,269	11,093	21,296	10,233	11,063	66	36	30	2.93	2,863
2022.1/4	송파구	잠실6동	5,887	16,870	8,004	8,866	16,747	7,933	8,814	123	71	52	2.84	2,892
2022.1/4	송파구	잠실7동	3,383	9,536	4,444	5,092	9,521	4,436	5,085	15	8	7	2.81	2,177
2022.1/4	송파구	잠실2동	11,601	34,989	16,724	18,265	34,879	16,658	18,221	110	66	44	3.01	3,806
2022.1/4	송파구	잠실3동	11,894	34,347	16,379	17,968	34,217	16,309	17,908	130	70	60	2.88	5,917
2022.1/4	송파구	장지동	12,129	29,471	14,225	15,246	29,316	14,155	15,161	155	70	85	2.42	4,449
2022.1/4	송파구	위례동	13,674	42,547	20,743	21,804	42,429	20,708	21,721	118	35	83	3.1	3,260
2022.1/4	강동구	소계	201,926	465,097	227,891	237,206	461,300	226,203	235,097	3,797	1,688	2,109	2.28	75,477
2022.1/4	강동구	명일1동	10,113	25,884	12,593	13,291	25,795	12,559	13,236	89	34	55	2.55	4,129
2022.1/4	강동구	명일2동	6,522	17,520	8,573	8,947	17,473	8,555	8,918	47	18	29	2.68	2,641
2022.1/4	강동구	고덕1동	8,215	24,074	12,268	11,806	23,958	12,187	11,771	116	81	35	2.92	2,873
2022.1/4	강동구	고덕2동	8,854	22,545	11,380	11,165	22,383	11,277	11,106	162	103	59	2.53	3,090
2022.1/4	강동구	암사2동	6,373	15,201	7,351	7,850	15,145	7,332	7,813	56	19	37	2.38	2,439
2022.1/4	강동구	암사3동	6,263	17,838	8,746	9,092	17,793	8,724	9,069	45	22	23	2.84	2,723
2022.1/4	강동구	천호1동	12,953	26,920	13,185	13,735	26,692	13,104	13,588	228	81	147	2.06	5,299
2022.1/4	강동구	천호3동	14,390	26,845	13,044	13,801	26,410	12,832	13,578	435	212	223	1.84	4,678
2022.1/4	강동구	성내1동	8,397	20,068	9,652	10,416	19,942	9,602	10,340	126	50	76	2.37	3,157
2022.1/4	강동구	성내2동	12,830	23,973	11,802	12,171	23,403	11,516	11,887	570	286	284	1.82	4,443
2022.1/4	강동구	성내3동	10,712	23,235	11,359	11,876	22,975	11,252	11,723	260	107	153	2.14	3,936
2022.1/4	강동구	둔촌1동	81	143	79	64	132	74	58	11	5	6	1.63	40
2022.1/4	강동구	둔촌2동	10,455	24,641	12,123	12,518	24,529	12,074	12,455	112	49	63	2.35	4,184
2022.1/4	강동구	암사1동	15,958	34,643	17,157	17,486	34,352	17,035	17,317	291	122	169	2.15	6,155
2022.1/4	강동구	천호2동	17,499	33,671	16,467	17,204	33,070	16,193	16,877	601	274	327	1.89	5,978
2022.1/4	강동구	길동	21,917	45,863	22,374	23,489	45,554	22,269	23,285	309	105	204	2.08	8,167
2022.1/4	강동구	강일동	12,889	32,947	15,789	17,158	32,762	15,733	17,029	185	56	129	2.54	5,437
2022.1/4	강동구	상일1동	13,477	38,832	19,137	19,695	38,713	19,082	19,631	119	55	64	2.87	4,561
2022.1/4	강동구	상일2동	4,028	10,254	4,812	5,442	10,219	4,803	5,416	35	9	26	2.54	1,547